0.010384357000020827
0.005354081999939808
0.0062739439999859314
0.0061972489997970115
0.006049093999990873
0.005764466000073298
0.005022556000312761
0.004965337000157888
0.004815641999812215
0.004907870999886654
0.007316913000067871
0.005611141999906977
0.00833808700008376
0.006198147999839421
0.0076617439999608905
0.006465892000051099
0.005205893000038486
0.004988797999885719
0.009189572000195767
0.004749303000153304
0.00515087100029632
0.006332367000140948
0.006436768000185111
0.00583951699991303
0.010637018999659631
0.00512514399997599
0.00431556500006991
0.004605388000072708
0.005361348999940674
0.005991855000047508
0.007706792000135465
0.005035610000049928
0.00690067799996541
0.004735325000183366
0.006715951999922254
0.005374495000069146
0.005421763999947871
0.005548627999814926
0.006856189000245649
0.004954360999818164
0.005889873999876727
0.007218411999929231
0.006450515999858908
0.005981601999792474
0.007172655999966082
0.006065877999844815
0.004599449000124878
0.006042030000116938
0.009594117000233382
0.006689840000035474
0.006072442999993655
0.007626453000284528
0.005040526000357204
0.004960508000294794
0.004070587000114756
0.005992051000248466
0.0059153120000701165
0.007024929000181146
0.00860974899978828
0.0069376330002342
0.007926866999696358
0.006748347000211652
0.006145414000002347
0.006867005000003701
0.005388975000187202
0.005269518000204698
0.005372681000153534
0.005344288999822311
0.005872851000276569
0.006252857999697881
0.006189878999975917
0.007134239000151865
0.00963643500017497
0.0064905539998108
0.005776464999598829
0.005539578000025358
0.00538023199987947
0.006718142999943666
0.005404787999850669
0.006626438000239432
0.004979808000371122
0.00614672400024574
0.00534163800011811
0.006481194000116375
0.005136873000083142
0.0054712700002710335
0.005084364999675017
0.008360113999970054
0.006502472000192938
0.004993906999970932
Average: 0.00618938014447647