0.016239920000089114
0.005255344000033801
0.0066452099999878556
0.006095196000046599
0.007071446999930231
0.008485801000006177
0.007466390000104184
0.006440561999966121
0.010459065999953054
0.006239891000063835
0.006677661000026092
0.00595816999998533
0.009899035999978878
0.007373004999976729
0.006414435000010599
0.0075469399999974485
0.005760968000004141
0.011390290000008463
0.005715170000030412
0.005853204000004553
0.006077998000023399
0.007487994999905823
0.006036153999957605
0.012047590999941349
0.009945318999939445
0.008618569000077514
0.006603074999929959
0.006405017000020052
0.007433633000005102
0.005534580000016831
0.006119207999972787
0.006493449999993572
0.006103002000031665
0.006854552000049807
0.005705009999928734
0.005856516999983796
0.007038943999987168
0.010510545000101956
0.008066763999977411
0.005578732999993008
0.007270533999985673
0.007206052000015006
0.007143588999952044
0.0062039949999643795
0.006016856999963238
0.009736136000014994
0.012519489999931466
0.0060378949999631
0.008257383000000118
0.010311388999980409
0.007988161000071159
0.006910529000037968
0.009904080999945108
0.006274618000020382
0.007435577000023841
0.005713887000069917
0.011476969999989706
0.005990254000039386
0.005748611999933928
0.0054277410000622694
0.00677824399997462
0.007329309999931866
0.005516489000001457
0.0064446570000882275
0.005803744999980154
0.006317238999940855
0.0069484709999869665
0.006616586000063762
0.006639378999921064
0.009561293000047044
0.006571827000016128
0.015507465999917258
0.0105625850000024
0.003710435000016332
0.007708079000053658
0.006241149999937079
0.003606073000014476
0.006324664999965535
0.0064012139999931605
0.006986666999978297
0.005670891999898231
0.006137275000014597
0.00922212499995112
0.006222591999858196
0.00570182899991778
0.00721237600009772
0.005975744999886956
0.006396340000037526
0.0065188129999569355
0.0061901670001134335
0.006257847000142647
0.007065077999868663
0.011699777999865546
0.0061284349999368715
0.007093594000025405
0.005873436000001675
0.009634720999883939
0.00887705799982541
0.009461590000000797
0.00774236799998107
0.008857195000018692
0.005997290999857796
0.0056957840001814475
0.006190487999901961
0.007368918999873131
0.006457662999991953
0.006604125999956523
0.006813491000002614
0.006603524999945876
0.00893562800001746
0.009705049000103827
0.005827221999879839
0.006114425999840023
0.010360430999980963
0.009531235999929777
0.005899252000062916
0.01664516999994703
0.006463975999849936
0.007019433999857938
0.00995991599984336
0.009279930000047898
0.005442439000034938
0.00581837100003213
0.007953799999995681
0.00682422999989285
0.005736069000022326
0.0069507129999237804
0.013456227999995463
0.0058758039999702305
0.006405400999938138
0.005493472999887672
0.006271056000059616
0.006054900999970414
0.012313415999869903
0.006822335999913776
0.0066246359999695414
0.00803656800007957
0.005866429999969114
0.006057568999949581
0.005881834000092567
0.008358864000001631
0.011036135000040304
0.006781143999887718
0.00574943800006622
0.011481127000024571
0.006087626000180535
0.005889383000067028
0.006916920000094251
0.007965205999880709
0.005928580000045258
0.0062048199999935605
0.006722407000097519
0.006181422999816277
0.010081036000201493
0.006505448000098113
0.006909790999998222
0.006087592000085351
0.006175487000064095
0.007488418999855639
0.005382143999895561
0.00650519600003463
0.007079989000203568
0.005978149999918969
0.006134675000112111
0.005807494000009683
0.007769371999984287
0.00766838499998812
0.0057926790000237816
0.009091495999882682
0.0168071499999769
0.006414030999849274
0.006535446000043521
0.006106000999807293
0.00655796899991401
0.005747122000002491
0.00588430899983905
0.013595540000096662
0.005824792999874262
0.006889646999979959
0.00592636099986521
0.005986722999978156
0.007128422000050705
0.005843117000040365
0.008179829000027894
0.005342542000107642
0.00664192399995045
0.008363304999875254
0.008087243999852944
0.006249505999903704
0.00710965700000088
0.005851264000057199
0.006062864999876183
0.008595754999987548
0.009130812999956106
0.006657738000058089
0.005802842000093733
0.009074903999817252
0.0035280679999232234
0.006121326999846133
0.005588434999935998
0.011733460999948875
0.0067281399999501446
0.00728750600001149
0.0066403150001406175
0.00566168899990771
0.00617485900011161
0.008023215999855893
0.006587748999891119
0.007201629000064713
0.0060092100000019855
0.006273109999938242
0.008428080999919985
0.006311340999900494
0.005876101000012568
0.005853571999978158
0.010894554000060452
0.009086777999982587
0.005660663000071509
0.005707833000087703
0.007505031000164308
0.005878020999944056
0.0055700079999496666
0.0049035310000817844
0.010986905999970986
0.005468547999953444
0.0056764129999464785
0.004454276000160462
0.005642810999916037
0.0043092420000903076
0.005044383999802449
0.005077783999922758
0.004699293999919973
0.005638438000005408
0.0047505850000106875
0.004474225999956616
0.006543909999891184
0.004684183000108533
0.004923923000205832
0.005669085999898016
0.004559586999903331
0.00860848000002079
0.006454294999912236
0.006627682000043933
0.005830368000033559
0.004694602999961717
0.004697921000115457
0.00450785599991832
0.006356740000001082
0.005409362000136753
0.004912679999961256
0.005476283999996667
0.005485398000018904
0.007810881000068548
0.005584678000104759
0.004963801000030799
0.004596968999976525
0.005144370000152776
0.00571846299999379
0.00673403399991912
0.006874455000115631
0.005913386999964132
0.006034457999930964
0.0051774940000086644
0.00593725099997755
0.010100935000082245
0.005777246999969066
0.006076772000142228
0.005697988000065379
0.005542240000067977
0.0057262560001163365
0.006771976000209179
0.005915642999980264
0.005775294000159192
0.005351080999844271
0.005711111999971763
0.005261302999997497
0.004740832999914346
0.005328669000164155
0.004881024000042089
0.005435203999923033
0.006355725000048551
0.006309339999916119
0.0051359579999825655
0.007514325999864013
0.007118290000107663
0.0063592550000066694
0.0056329310000364785
0.006306506999862904
0.011230117999730282
0.0052492170002551575
0.00575720500000898
0.004733566000140854
0.0055056709998098086
0.009058443999947485
0.00607278799998312
0.006505141999696207
0.005147869000211358
0.005450875999940763
0.005933603999892512
0.00538395000012315
0.0049078629999712575
0.0047781399998712
0.005797054999675311
0.008243450999998458
0.005678370999703475
0.006738044000030641
0.006103345999690646
0.0045173690000410716
0.005325618999904691
0.005331671000021743
0.005679389000306401
0.006654947999777505
0.007970148999902449
0.006072952000067744
0.005355913000130386
0.00528008499986754
0.007775519999995595
0.005955362999884528
0.005487575000188372
0.0056005459996413265
0.004975973000000522
0.004639199000394001
0.004467801999908261
0.005835043000388396
0.005131459000040195
0.00552532700021402
0.005746177999753854
0.00487994000013714
0.005747191999944334
0.004579608000312874
0.005358519999845157
0.004827172000204882
0.004877499000031094
0.005640489000143134
0.004747789999782981
0.006794081000407459
0.0077786980000382755
0.004465622999759944
0.0057019460000447
0.004266732999894884
0.005274344999634195
0.00651509299996178
0.004580115999942791
0.007851289999962319
0.006344184999761637
0.004489878000185854
0.0043985039997096465
0.0052425029998630635
0.006178679000186094
0.005238528000063525
0.005352672999833885
0.0055123320003076515
0.004817509000076825
0.005853042000126152
0.005377370999667619
0.005022145000111777
0.00500340700000379
0.006089462000090862
0.007605828000123438
0.0069222809997881996
0.00968701100009639
0.006038178999915544
0.006052447000001848
0.009738004000155343
0.006381442999554565
0.005541043999983231
0.004391238000152953
0.006605028000194579
0.006217414000275312
0.004990151000129117
0.005826738999985537
0.006500575999780267
0.006140924000192172
0.006328740999833826
0.005421404999651713
0.005819481999878917
0.004772732000219548
0.003440422000039689
0.006928062000042701
0.004341261999798007
0.005348653000055492
0.006140459000107512
0.006695273999866913
0.008643275000395079
0.008844351999869104
0.006591856999875745
0.005778074000318156
0.005867093000233581
0.007185666999703244
0.005847896999966906
0.004828323999845452
0.00425443299991457
0.005825529000048846
0.006029706999925111
0.0060215569997126295
0.007006347999777063
0.00698043400007009
0.006089092999900458
0.007561756000086461
0.004907931000161625
0.0060460770000645425
0.005952401000286045
0.005414454999936424
0.006023015000209853
0.00627168899973185
0.004945610000049783
0.0048375790001955465
0.006109467999976914
0.008110147000024881
0.004946206000113307
0.004808679000234406
0.005718803000036132
0.004461731999981566
0.006240695000087726
0.0046058780003477295
0.0055207539999173605
0.004681905999859737
0.004152274999796646
0.006203615000231366
0.0057294539997201355
0.00427128499995888
0.006101590999605833
0.006238991000373062
0.006132584000170027
0.005438785000023927
0.004879683999661211
0.006534721000207355
0.004824166000162222
0.005669237999882171
0.005561116000080801
0.00462586999992709
0.006243632999940019
0.007830783000372321
0.005446236999887333
0.0050359940000817005
0.004802991000360635
0.004570441999931063
0.0044700369999191025
0.003994074999809527
0.005089547999887145
0.005125103999944258
0.004711654999937309
0.004743186999803584
0.006597183999929257
0.006309762000000774
0.0058045329997185036
0.005051580999861471
0.0056609009998283
0.006030615999861766
0.005322189000253275
0.006668724000064685
0.004965487999925244
0.00621556900023279
0.006241957999918668
0.0055923180002537265
0.006498758999896381
0.00915413200027615
0.0062961480002741155
0.0067969349997838435
0.00600524299989047
0.005346836000171606
0.005095055000310822
0.0065183299998352595
0.007442053999966447
0.005913467000027595
0.0050669540000853885
0.0047114699996200216
0.004757700000027398
0.006114515999797732
0.0045745990000796155
0.006485300000349525
0.0062544870002057
0.0054398560000663565
0.006269351999890205
0.005827301999943302
0.0063370590000886295
0.005697647000033612
0.0061839859999963664
0.006273184999827208
0.006358696000006603
0.007517450000250392
0.005898885000078735
0.006672096000329475
0.006151398999918456
0.006036746000063431
0.004594688999986829
0.004390560000047117
0.004517032999956427
0.007146527999793761
0.005449818999750278
0.006257899000047473
0.0053560149999611895
0.004824697999993077
0.005821882999953232
0.005719342999782384
0.005363966999993863
0.004686002999733319
0.006880812999952468
0.006688069000119867
0.005138286999681441
0.005377394000333879
0.005450741999993625
0.005851159000030748
0.0076180529999874125
0.007981844999903842
0.005320299000231898
0.004768675999912375
0.00434092099976624
0.00514709800017954
0.006294547999914357
0.00597965099996145
0.0045518369997807895
0.005021283999667503
0.005646852999689145
0.004464251000172226
0.004878090999682172
0.005702505000044766
0.006359866999900987
0.00516920600011872
0.004294717999982822
0.005354863999855297
0.006497904000298149
0.005091248999633535
0.005667925000125251
0.00612290299977758
0.005438133000097878
0.006477359000200522
0.005530277999696409
0.008126181000079669
0.006020515000273008
0.004799264000212133
0.005510675000095944
0.004850576000080764
0.005834490000324877
0.0054467200002363825
0.004948663000050146
0.00703258499970616
0.005226030999892828
0.005070382000212703
0.006110967000040546
0.006821652000326139
0.0071575550000488875
0.006030586000179028
0.005703162999907363
0.006277632000092126
0.006103791999976238
0.006014288000187662
0.005564431000038894
0.00791071000003285
0.006358561999604717
0.00491646899990883
0.005860885999936727
0.009789137999632658
0.004826049999792303
0.0060474219999377965
0.004638466999949742
0.0059801060001518636
0.00798758299970359
0.005338808999567846
0.008294403000036255
0.006546076000176981
0.005084321000140335
0.0049180539999724715
0.004751387999931467
0.0059965079999528825
0.004682875000071363
0.004935228000249481
0.005023615000027348
0.005493260000093869
0.004906435000066267
0.00457646199993178
0.005702411000129359
0.006975508999857993
0.005180548000225826
0.005544697999994241
0.006568718999915291
0.008531954999853042
0.00525216799996997
0.006192320000081963
0.005469093999636243
0.004435556999851542
0.004715089000001171
0.006478461999904539
0.006462243999976636
0.0077751919998263475
0.00815292600009343
0.006117077999988396
0.006665473999873939
0.004809192999800871
0.005302191000282619
0.005980486999760615
0.005261735000203771
0.004898529000001872
0.006155188999855454
0.004581340999720851
0.005653324999912002
0.006874164999771892
0.004648628999802895
0.006135181999979977
0.006585151000308542
0.00812793299974146
0.006872357000247575
0.006133828000201902
0.005273499000395532
0.006769743999939237
0.005672517000220978
0.0052524239999911515
0.004397708999931638
0.00657989199999065
0.01418077300013465
0.004327209999701154
0.0075009950001003745
0.005677205000210961
0.005067710999810515
0.006062636000024213
0.006550772000082361
0.0045185010003478965
0.006165534000047046
0.004347918000348727
0.0055087109999476525
0.004824352000014187
0.004979620000085561
0.005680518999724882
0.005530547000034858
0.007556400999874313
0.00440923499991186
0.005318993999935628
0.0063179080002555565
0.005758101999617793
0.006536595999932615
0.006538672999795381
0.005265667999992729
0.004608317000020179
0.0050395660000503995
0.00622826900007567
0.004832524999983434
0.006080531999941741
0.0054741280000598636
0.006282933999955276
0.005382614000154717
0.0060837860000901856
0.005005319000247255
0.005349501999717177
0.005906038999910379
0.007967454999743495
0.005108381999889389
0.005105488000026526
0.006135023999831901
0.010689377000289824
0.005429264999747829
0.004346730000179377
0.00574218599967935
0.004927734000375494
0.004789156999777333
0.0042861719998654735
0.004483187999994698
0.005889163000119879
0.005262171999675047
0.00483888200005822
0.00566029499987053
0.00645964700015611
0.006483575999936875
0.006210339000062959
0.005482720000145491
0.004945216000123764
0.008546722000119189
0.005655011999806447
0.004622256999937235
0.006065687999580405
0.004126737000206049
0.0051736529999288905
0.007183316000009654
0.008430131999830337
0.004613264999989042
0.006550140999934229
0.006631196999933309
0.006159650999961741
0.004491514999699575
0.007323360000100365
0.006234139999833133
0.00479936000010639
0.003539423999882274
0.005883973999971204
0.0064966639997692255
0.004571345999920595
0.005034587999944051
0.00593866799999887
0.00550997800019104
0.005084822000299027
0.0063176399999065325
0.005821701000058965
0.005406879000020126
0.005232448000242584
0.004826043999855756
0.0060404490000109945
0.006067578000056528
0.008353532000000996
0.005538282000088657
0.005650107999827014
0.005415362000348978
0.005563071999858948
0.006090564000260201
0.0054881149999346235
0.005452506000438007
0.006350703000862268
0.005824679000397737
0.004743047000374645
0.006384564000654791
0.0058621219995984575
0.0065999610005746945
0.005175330999918515
0.005724715999349428
0.007893218000390334
0.005838839000716689
0.004434641999978339
0.005233075999967696
0.005954156000370858
0.004218091000439017
0.004873935999967216
0.007272509000358696
0.0090771200002564
0.008071240999925067
0.006886488999953144
0.004411476999848674
0.0054060970005593845
0.004492464000577456
0.004642349999812723
0.006454096999732428
0.004986730999917199
0.004320863999964786
0.0045572720000564
0.005322789000274497
0.004727827999886358
0.007069420000334503
0.0053139259998715715
0.004738522000479861
0.004966306000824261
0.006123417999333469
0.00834183499955543
0.0044200310003361665
0.005851010000696988
0.0064756940000734176
0.006162390999634226
0.005989625999973214
0.00908279300074355
0.004393969999910041
0.005917041999964567
0.005658570999912627
0.004787130000295292
0.006688669999675767
0.005014873999243719
0.007638353000402276
0.006075129000237212
0.006697808999888366
0.007255732999510656
0.00482224099960149
0.004957842999829154
0.004753300000629679
0.005525885999304592
0.007070102999932715
0.0068086350001976825
0.00504266300049494
0.005834980000145151
0.0077495509995060274
0.006078751000131888
0.005549169999540027
0.005508807999831333
0.022207640000488027
0.007684565000090515
0.005276152000078582
0.005767837000348663
0.005549237000195717
0.005425594999906025
0.005989168000269274
0.006319531000372081
0.007218239000394533
0.00571397200019419
0.004358238999884634
0.00703188500028773
0.006576931000381592
0.005331028000000515
0.005545244000131788
0.006855325999822526
0.006165942999359686
0.006165683000290301
0.006558676999702584
0.005323788999703538
0.004610946999491716
0.005227609999565175
0.006100027999309532
0.005878943999960029
0.004828909999559983
0.007918021000477893
0.005486594000103651
0.0058664850002969615
0.004360486000223318
0.004568144999211654
0.0047466059995713294
0.00525309600016044
0.006320903999949223
0.0048607360004098155
0.00635320400033379
0.007016163000116649
0.004861913000240747
0.005927908000558091
0.007090983000125561
0.006413207999685255
0.005450988999655237
0.005795254999611643
0.004843685999730951
0.004893397999694571
0.0057593380006437656
0.006129309000243666
0.0046465010000247275
0.005293807000271045
0.0045210160005808575
0.009689229000287014
0.004410880000250472
0.005752281000241055
0.007356147999416862
0.005966465000710741
0.005089195999971707
0.006678116999864869
0.006103490999521455
0.005027275999964331
0.004917158999887761
0.006232386000192491
0.005598292999820842
0.005080236000139848
0.0049477940001452225
0.005651698999827204
0.007096440999703191
0.004486361000090255
0.007244249999530439
0.005092169999443286
0.004894738000075449
0.0066284360000281595
0.00579167999967467
0.008961400000771391
0.005257509000330174
0.009682011999757378
0.007199213000603777
0.0069431960000656545
0.004390658999909647
0.004285331000573933
0.004609837999851152
0.005621187999167887
0.00838700200074527
0.005175704000066617
0.005471266999848012
0.005413888000475708
0.004392951999761863
0.006968404999497579
0.006401315999937651
0.005690917000720219
0.009017479999783973
0.00429041799998231
0.0058643339998525335
0.005605715000456257
0.006092972000260488
0.005439273999400029
0.004621242000212078
0.006577807000212488
0.005595026999799302
0.007951429000058852
0.006929327000761987
0.005307184999765013
0.005312471999786794
0.005108629999995173
0.00498236800012819
0.005270550999739498
0.0052594230000977404
0.004947444000208634
0.004684135000388778
0.005056586999671708
0.004946394000398868
0.005120870999235194
0.004430906999914441
0.005222800000410643
0.004733159999886993
0.005921494999711285
0.005207463000260759
0.005527020000045013
0.00525956099954783
0.005223701999966579
0.00481636300082755
0.0057816070002445485
0.004851478000091447
0.008072602000538609
0.005756272999860812
0.004570074000184832
0.004360887000075309
0.006048322000424378
0.005281850999381277
0.004982008999832033
0.004359743999884813
0.004819071999918378
0.005069657000603911
0.0056590200001664925
0.0047307719996751985
0.0052344289997563465
0.005798025999865786
0.004586880999340792
0.005440899999484827
0.005329208999683033
0.004603833999681228
0.006342951000078756
0.005316597999808437
0.006079539999518602
0.006802155000514176
0.006099222000557347
0.0047450660003960365
0.00822696300019743
0.005603823999990709
0.0057124149998344365
0.004759821000334341
0.008989322000161337
0.006060314000023936
0.004822803000024578
0.004675676000260864
0.00637640199965972
0.006319607000477845
0.00525260199992772
0.006049997000445728
0.005935626999416854
0.006687684999633348
0.004995634999431786
0.005335104000550928
0.0050296729996262
0.0046675809999214835
0.005212926000240259
0.0048281669996868
0.00480470900038199
0.005490687000019534
0.005187862000639143
0.004894050000075367
0.009691823000139266
0.004904779999378661
0.004884474999926169
0.006712284999593976
0.0048403389992017765
0.006339280000247527
0.005781148000096437
0.005743464999795833
0.004744074999507575
0.004469214999517135
0.005633299000692205
0.004953994999596034
0.006839603999651445
0.005335718999958772
0.005498823999914748
0.0049043969993363135
0.005156331999387476
0.00631556799999089
0.004768800000420015
0.0056946030008475645
0.005271962000733765
0.004539057000329194
0.004761600000165345
0.006055120999917563
0.009892785999909393
0.0064515680005570175
0.008439743000053568
0.004795280000507773
0.006464096999479807
0.004974495000169554
0.005634843000734691
0.005159183999239758
0.004653365999729431
0.005221356000220112
0.0052198390003468376
0.0051729899996644235
0.005761884999628819
0.00566705599976558
0.006143857000097341
0.005353905999982089
0.005091723000077764
0.006216656999640691
0.00543563599967456
0.00536917200042808
0.006555871999808005
0.0063828329994066735
0.005890370999622974
0.006410419000530965
0.009943013999873074
0.006273640000472369
0.006071675999919535
0.005655742000271857
0.0051873460006390815
0.006398179999450804
0.0055657209995843004
0.004938932000186469
0.006785092999962217
0.005514325000149256
0.005119973999171634
0.007292639999832318
0.0057183310000255005
0.005921141999351676
0.006963806000385375
0.0062556689999837545
0.006328868999844417
0.005655157000546751
0.004741507000289857
0.005840077000357269
0.006747854000423104
0.008914467000067816
0.0057327160002387245
0.005841947999215336
0.009703532999992603
0.008507735999955912
0.005480233000525914
0.006638466999902448
0.0072826570003599045
0.006428937999771733
0.007431144999827666
0.006651218999650155
0.007837488999939524
0.008117117000438157
0.006704470999466139
0.006135099999482918
0.007463754000127665
0.005794104999949923
0.00775424000039493
0.006487775000096008
0.007777540999995836
0.007837390000531741
0.00687521000054403
0.0054883279999558
0.0071018729995557806
0.008144397000251047
0.006092061000344984
0.005943000999650394
0.010191328000473732
0.004919228999824554
0.005233121999481227
0.005301121999764291
0.0074933429996235645
0.005497619999914605
0.00692230999993626
0.007544004000010318
0.004808684000636276
0.00564034399940283
0.005660351999722479
0.006525713999508298
0.005999070000143547
0.007638779000444629
0.005478286000652588
0.0058490670007813605
0.004752081000333419
0.006030798999745457
0.005864172999281436
0.006849106999652577
0.006765269999959855
0.00538095499996416
0.006033429999661166
0.006289965000178199
0.012720290000288514
0.006183894000059809
0.005706322000150976
0.004676409000239801
0.007452936999470694
0.009836962000008498
0.007208891999653133
0.005577707000156806
0.005473612999594479
0.007010701000581321
0.005724351000026218
0.0058487589994911104
0.005656561999785481
0.006318756999462494
0.005671341999914148
0.007975827000336722
0.005245616999673075
0.005371835999540053
0.006699472999571299
0.006448877000366338
0.006551440000293951
0.005108196000037424
0.006153603999337065
0.006800756999837176
0.008984668000266538
0.007045626000035554
0.0054328619999068906
0.004914971999824047
0.004799751000064134
0.0070234109998636995
0.0067140260007363395
0.006070072000511573
0.00679104200025904
0.006410701000277186
0.006303890999333817
0.0066465209993111785
0.006983477000176208
0.0060762120001527364
0.0052705540001625195
0.0051926650003224495
0.006227208000382234
0.007765470999402169
0.00708002999999735
0.005996277000122063
0.005677498999830277
0.006611300999793457
0.006319023000287416
0.006803921000027913
0.010726582000643248
0.011043938000511844
0.007975796000209812
0.004479863000597106
0.00433032999990246
0.00425726699995721
0.005641001999720174
0.004886611999609158
0.005350880000150937
0.0061339390003922745
0.005515611000191711
0.005663900000399735
0.006139797999821894
0.004718950999631488
0.005972930000098131
0.004655939000258513
0.005796942000415584
0.004450722000001406
0.00688487899969914
0.0062503589997504605
0.006791290999899502
0.005522276000192505
0.006743224999809172
0.004955211999913445
0.00866401599978417
0.004676808999647619
0.005216689999542723
0.005757009000262769
0.005341961999874911
0.005113721000270743
0.005512933000318299
0.00474129099984566
0.005465365999953065
0.005383382000218262
0.00577321499986283
0.004599012000653602
0.005287821999445441
0.006359063000672904
0.005165264999959618
0.005865115000233345
0.005924392999986594
0.005805235000480025
0.007193712999651325
0.00447843100027967
0.004561146999549237
0.005105651000121725
0.0068476050000754185
0.004855647999647772
0.008266746999652241
0.004451642999811156
0.005327208000380779
0.009299020000071323
0.0059428100003060536
0.0066002829998979
0.004334798999479972
0.0047827609996602405
0.005012982999687665
0.0046006239999769605
0.006061742999918351
0.006019602000378654
0.004378437000013946
0.004535457999736536
0.00583891099995526
0.004871830000411137
0.0052106060002188315
0.004736208000394981
0.005523307000657951
0.004228855999826919
0.004822715000045719
0.0058307090002927
0.0069851200005359715
0.00623265500053094
0.009346099000140384
0.005888977000722662
0.004725071999928332
0.007394985999781056
0.00482180899962259
0.005279648000396264
0.006334118000268063
0.0060600540000450565
0.006111327999860805
0.005839674000526429
0.00681118400007108
0.007171184999606339
0.005307393000293814
0.004623871000148938
0.005636828000206151
0.005923027000790171
0.0060064689996579546
0.006623925999519997
0.006157286000416207
0.005046057000072324
0.006863777000035043
0.005783185999462148
0.004302989000279922
0.00563276000048063
0.008792210999672534
0.005733495000640687
0.004780746999131225
0.006029996000506799
0.005342423000001872
0.005163094999261375
0.006100374999732594
0.00550737499997922
0.007545882999693276
0.004488992000005965
0.0049608089993853355
0.004671048999625782
0.0057918930006053415
0.004948106000483676
0.005933260000347218
0.0052011660000061966
0.0036341740005809697
0.003920228000424686
0.00584945799982961
0.0038699939996149624
0.0034584219993121224
0.004636806000235083
0.004477576000681438
0.007627983999554999
0.01091125099992496
0.005249384999842732
0.004788825999639812
0.006111226999564678
0.004677562999859219
0.00500294399989798
0.005281519000163826
0.005030273000556917
0.0064597970003887895
0.005830536000758002
0.005384273999879952
0.005194027000470669
0.004633122000086587
0.006262479999350035
0.005051682000157598
0.004299536999496922
0.00583498900050472
0.005159591999472468
0.00530303499999718
0.005674193000231753
0.004310235999582801
0.005810136000036437
0.00516780199995992
0.004456492999452166
0.008126495999931649
0.004903672999716946
0.00636944800044148
0.004630209999959334
0.0053036520002933685
0.00492166499952873
0.005176625999411044
0.004356795000603597
0.004873715000030643
0.006057951999537181
0.004602138999871386
0.006013374999383814
0.0061531729998023366
0.00608947300042928
0.009948421999979473
Average: 0.006122297271578879